4 0.8388671875 0.265625 0.04296875 0.029296875
4 0.763671875 0.29833984375 0.0546875 0.0341796875
4 0.83837890625 0.51123046875 0.0380859375 0.0400390625
4 0.7685546875 0.544921875 0.03515625 0.029296875
4 0.8505859375 0.5654296875 0.046875 0.017578125
4 0.388671875 0.6005859375 0.056640625 0.044921875
4 0.19091796875 0.6416015625 0.0966796875 0.05078125
4 0.07275390625 0.7109375 0.0537109375 0.0234375
4 0.892578125 0.7578125 0.0546875 0.02734375
4 0.1376953125 0.771484375 0.056640625 0.02734375
4 0.6123046875 0.7890625 0.044921875 0.0390625
4 0.76220703125 0.87109375 0.0380859375 0.015625
4 0.296875 0.89208984375 0.044921875 0.0361328125
